# Time-averaged data for fix 3
# TimeStep Number-of-rows
# Row c_rdf[1] c_rdf[2] c_rdf[3]
1000 100
1 0.025 0 0
2 0.075 0 0
3 0.125 0 0
4 0.175 0 0
5 0.225 0 0
6 0.275 0 0
7 0.325 0 0
8 0.375 0 0
9 0.425 0 0
10 0.475 0 0
11 0.525 0 0
12 0.575 0 0
13 0.625 0 0
14 0.675 0 0
15 0.725 0 0
16 0.775 0 0
17 0.825 0 0
18 0.875 0.0106019 0.00277778
19 0.925 0.243259 0.0710648
20 0.975 0.878004 0.349306
21 1.025 1.55146 0.898611
22 1.075 1.8424 1.60648
23 1.125 1.82436 2.37755
24 1.175 1.64236 3.13009
25 1.225 1.45617 3.85556
26 1.275 1.34924 4.57917
27 1.325 1.18322 5.26319
28 1.375 1.10292 5.94861
29 1.425 0.979685 6.59699
30 1.475 0.929176 7.25787
31 1.525 0.888782 7.9338
32 1.575 0.867213 8.6375
33 1.625 0.857571 9.37917
34 1.675 0.865392 10.1755
35 1.725 0.855775 11.012
36 1.775 0.896357 11.9394
37 1.825 0.904783 12.931
38 1.875 0.959404 14.0454
39 1.925 0.985985 15.2551
40 1.975 1.0102 16.5625
41 2.025 1.02712 17.959
42 2.075 1.05741 19.4711
43 2.125 1.05314 21.0544
44 2.175 1.08659 22.7613
45 2.225 1.0783 24.5343
46 2.275 1.05495 26.3405
47 2.325 1.0449 28.2104
48 2.375 1.01736 30.103
49 2.425 1.01315 32.0613
50 2.475 0.986396 34.0516
51 2.525 0.976653 36.1016
52 2.575 0.999154 38.2794
53 2.625 0.957542 40.4512
54 2.675 0.974995 42.7437
55 2.725 0.964941 45.1053
56 2.775 0.985306 47.5995
57 2.825 0.979596 50.1819
58 2.875 0.992154 52.8956
59 2.925 1.01162 55.7537
60 2.975 1.00889 58.7086
61 3.025 0.993202 61.7169
62 3.075 1.02265 64.9144
63 3.125 1.01279 68.1937
64 3.175 1.00944 71.5597
65 3.225 1.01509 75.0505
66 3.275 1.00498 78.6183
67 3.325 1.01372 82.3211
68 3.375 1.00684 86.1063
69 3.425 1.00466 89.9933
70 3.475 0.999872 93.9817
71 3.525 0.997652 98.0748
72 3.575 0.998386 102.283
73 3.625 0.995721 106.59
74 3.675 1.00052 111.046
75 3.725 0.990674 115.574
76 3.775 1.00248 120.294
77 3.825 0.997671 125.116
78 3.875 0.996475 130.058
79 3.925 0.993786 135.114
80 3.975 0.988148 140.272
81 4.025 1.00678 145.665
82 4.075 1.00228 151.162
83 4.125 1.00656 156.822
84 4.175 1.0094 162.637
85 4.225 1.00631 168.573
86 4.275 0.989525 174.553
87 4.325 1.01335 180.812
88 4.375 1.00599 187.166
89 4.425 1.00793 193.682
90 4.475 0.998328 200.284
91 4.525 0.997211 207.024
92 4.575 0.994604 213.896
93 4.625 0.999593 220.959
94 4.675 0.996296 228.146
95 4.725 1.00123 235.535
96 4.775 1.00063 243.077
97 4.825 1.00296 250.779
98 4.875 0.993693 258.573
99 4.925 1.00278 266.601
100 4.975 1.00289 274.788
2000 100
1 0.025 0 0
2 0.075 0 0
3 0.125 0 0
4 0.175 0 0
5 0.225 0 0
6 0.275 0 0
7 0.325 0 0
8 0.375 0 0
9 0.425 0 0
10 0.475 0 0
11 0.525 0 0
12 0.575 0 0
13 0.625 0 0
14 0.675 0 0
15 0.725 0 0
16 0.775 0 0
17 0.825 0 0
18 0.875 0.00482454 0.00115741
19 0.925 0.187844 0.0525463
20 0.975 0.822751 0.302083
21 1.025 1.47061 0.794676
22 1.075 1.79205 1.45556
23 1.125 1.81491 2.18773
24 1.175 1.70937 2.94097
25 1.225 1.49064 3.65394
26 1.275 1.32975 4.34306
27 1.325 1.16059 4.99213
28 1.375 1.114 5.66319
29 1.425 1.00039 6.31088
30 1.475 0.961602 6.97755
31 1.525 0.931198 7.66759
32 1.575 0.878118 8.36157
33 1.625 0.891072 9.11111
34 1.675 0.855681 9.87569
35 1.725 0.854025 10.6847
36 1.775 0.879178 11.5681
37 1.825 0.899546 12.5234
38 1.875 0.950525 13.5884
39 1.925 0.946036 14.7063
40 1.975 0.992943 15.9412
41 2.025 1.05122 17.3155
42 2.075 1.05672 18.7662
43 2.125 1.046 20.2711
44 2.175 1.071 21.8863
45 2.225 1.06607 23.5692
46 2.275 1.05163 25.3042
47 2.325 1.01951 27.0609
48 2.375 1.01448 28.8838
49 2.425 1.00875 30.7738
50 2.475 1.00129 32.7289
51 2.525 1.00079 34.7627
52 2.575 0.978357 36.8285
53 2.625 0.989983 39.0019
54 2.675 0.96108 41.1942
55 2.725 0.974651 43.5016
56 2.775 0.979955 45.9067
57 2.825 0.985594 48.4125
58 2.875 0.998984 51.0447
59 2.925 0.998866 53.7681
60 2.975 0.997642 56.5819
61 3.025 1.00722 59.5201
62 3.075 0.999577 62.5329
63 3.125 1.00959 65.6764
64 3.175 1.01546 68.9403
65 3.225 1.01452 72.3009
66 3.275 1.00127 75.7257
67 3.325 0.993048 79.225
68 3.375 1.00969 82.8903
69 3.425 1.00055 86.6289
70 3.475 0.996927 90.465
71 3.525 1.00258 94.4363
72 3.575 0.998162 98.5023
73 3.625 0.99371 102.666
74 3.675 0.997069 106.958
75 3.725 1.00163 111.387
76 3.775 1.01386 115.991
77 3.825 0.998895 120.648
78 3.875 0.98687 125.372
79 3.925 0.998254 130.272
80 3.975 0.990297 135.258
81 4.025 1.00685 140.455
82 4.075 1.0129 145.816
83 4.125 1.00214 151.251
84 4.175 0.992435 156.764
85 4.225 0.993836 162.418
86 4.275 0.997455 168.229
87 4.325 1.00291 174.21
88 4.375 0.998701 180.302
89 4.425 1.01234 186.619
90 4.475 0.997536 192.986
91 4.525 0.994655 199.475
92 4.575 1.00346 206.172
93 4.625 1.00641 213.035
94 4.675 0.997763 219.985
95 4.725 1.0019 227.116
96 4.775 0.996199 234.354
97 4.825 1.00245 241.792
98 4.875 0.995964 249.335
99 4.925 0.995141 257.028
100 4.975 1.00022 264.916
3000 100
1 0.025 0 0
2 0.075 0 0
3 0.125 0 0
4 0.175 0 0
5 0.225 0 0
6 0.275 0 0
7 0.325 0 0
8 0.375 0 0
9 0.425 0 0
10 0.475 0 0
11 0.525 0 0
12 0.575 0 0
13 0.625 0 0
14 0.675 0 0
15 0.725 0 0
16 0.775 0 0
17 0.825 0 0
18 0.875 0.00430807 0.00115741
19 0.925 0.161771 0.0506944
20 0.975 0.832139 0.334722
21 1.025 1.64985 0.958102
22 1.075 1.92971 1.75972
23 1.125 1.94813 2.6456
24 1.175 1.72885 3.50208
25 1.225 1.49622 4.30787
26 1.275 1.33342 5.08588
27 1.325 1.16841 5.82199
28 1.375 1.07765 6.55255
29 1.425 0.9815 7.26713
30 1.475 0.906415 7.97477
31 1.525 0.869575 8.7
32 1.575 0.811957 9.42269
33 1.625 0.845505 10.2234
34 1.675 0.86272 11.0924
35 1.725 0.863865 12.0153
36 1.775 0.857272 12.984
37 1.825 0.895096 14.0537
38 1.875 0.94082 15.2412
39 1.925 0.981772 16.5486
40 1.975 1.0157 17.9729
41 2.025 1.02856 19.4873
42 2.075 1.08878 21.1708
43 2.125 1.08407 22.9273
44 2.175 1.08477 24.7692
45 2.225 1.06949 26.669
46 2.275 1.08128 28.6769
47 2.325 1.03539 30.6868
48 2.375 1.02396 32.7588
49 2.425 1.00837 34.8859
50 2.475 0.990768 37.0653
51 2.525 0.980984 39.3093
52 2.575 0.975344 41.6282
53 2.625 0.9624 44.0083
54 2.675 0.977797 46.5204
55 2.725 0.97379 49.115
56 2.775 0.970766 51.7995
57 2.825 0.98228 54.6125
58 2.875 0.997218 57.5725
59 2.925 0.992486 60.6211
60 2.975 0.995545 63.7854
61 3.025 1.01066 67.1039
62 3.075 1.01387 70.5451
63 3.125 1.02254 74.1303
64 3.175 1.02281 77.8333
65 3.225 1.02071 81.6426
66 3.275 1.0281 85.6023
67 3.325 1.00241 89.578
68 3.375 1.00774 93.6965
69 3.425 0.982124 97.831
70 3.475 0.988556 102.115
71 3.525 0.996724 106.56
72 3.575 0.99662 111.133
73 3.625 0.99154 115.809
74 3.675 0.99489 120.632
75 3.725 0.998158 125.603
76 3.775 0.98577 130.646
77 3.825 1.00527 135.926
78 3.875 1.00872 141.363
79 3.925 0.997413 146.878
80 3.975 1.00732 152.59
81 4.025 1.00654 158.443
82 4.075 1.00976 164.459
83 4.125 0.997743 170.554
84 4.175 0.997156 176.794
85 4.225 1.01045 183.268
86 4.275 0.995445 189.798
87 4.325 1.00612 196.556
88 4.375 1.00592 203.464
89 4.425 0.995412 210.458
90 4.475 0.99942 217.642
91 4.525 1.00138 225.002
92 4.575 0.997385 232.494
93 4.625 0.991271 240.106
94 4.675 0.998249 247.939
95 4.725 0.994076 255.904
96 4.775 1.01356 264.198
97 4.825 1.00723 272.615
98 4.875 0.996197 281.112
99 4.925 1.00286 289.841
100 4.975 0.999429 298.721
4000 100
1 0.025 0 0
2 0.075 0 0
3 0.125 0 0
4 0.175 0 0
5 0.225 0 0
6 0.275 0 0
7 0.325 0 0
8 0.375 0 0
9 0.425 0 0
10 0.475 0 0
11 0.525 0 0
12 0.575 0 0
13 0.625 0 0
14 0.675 0 0
15 0.725 0 0
16 0.775 0 0
17 0.825 0 0
18 0.875 0.00148954 0.000462963
19 0.925 0.119429 0.0409722
20 0.975 0.738254 0.321759
21 1.025 1.73215 1.05023
22 1.075 2.12534 2.03449
23 1.125 2.02865 3.06227
24 1.175 1.84982 4.08356
25 1.225 1.57895 5.03125
26 1.275 1.31896 5.88796
27 1.325 1.13524 6.68472
28 1.375 1.02778 7.46227
29 1.425 0.916946 8.20625
30 1.475 0.849091 8.94444
31 1.525 0.849279 9.7338
32 1.575 0.792355 10.5192
33 1.625 0.770793 11.3317
34 1.675 0.781967 12.2076
35 1.725 0.831676 13.1961
36 1.775 0.832107 14.2447
37 1.825 0.89018 15.4306
38 1.875 0.955304 16.7743
39 1.925 0.991194 18.2426
40 1.975 1.03822 19.8632
41 2.025 1.07867 21.6338
42 2.075 1.10437 23.5363
43 2.125 1.14138 25.5986
44 2.175 1.1151 27.7097
45 2.225 1.09417 29.8766
46 2.275 1.06231 32.0731
47 2.325 1.03467 34.3104
48 2.375 1.02197 36.6148
49 2.425 0.991333 38.9444
50 2.475 0.964854 41.3076
51 2.525 0.966256 43.7687
52 2.575 0.952017 46.2956
53 2.625 0.959568 48.9389
54 2.675 0.957668 51.6789
55 2.725 0.958745 54.5259
56 2.775 0.960675 57.4819
57 2.825 0.985973 60.6294
58 2.875 1.00267 63.9431
59 2.925 1.0071 67.3875
60 2.975 1.00697 70.9521
61 3.025 1.02045 74.6875
62 3.075 1.01587 78.5306
63 3.125 1.03471 82.5722
64 3.175 1.02952 86.7229
65 3.225 1.01797 90.9581
66 3.275 1.0082 95.2838
67 3.325 0.995982 99.6866
68 3.375 1.00715 104.274
69 3.425 0.999239 108.959
70 3.475 0.998082 113.774
71 3.525 0.994607 118.716
72 3.575 0.984308 123.747
73 3.625 0.997572 128.99
74 3.675 0.991796 134.347
75 3.725 0.994261 139.865
76 3.775 0.998537 145.555
77 3.825 0.993131 151.364
78 3.875 0.997269 157.352
79 3.925 1.00283 163.531
80 3.975 0.998323 169.84
81 4.025 1.00819 176.37
82 4.075 0.996129 182.984
83 4.125 0.998657 189.776
84 4.175 1.01374 196.841
85 4.225 1.00924 204.045
86 4.275 0.993193 211.304
87 4.325 1.01518 218.9
88 4.375 1.006 226.6
89 4.425 0.999812 234.427
90 4.475 1.00831 242.502
91 4.525 0.997469 250.669
92 4.575 0.998353 259.023
93 4.625 0.994991 267.532
94 4.675 0.990594 276.19
95 4.725 0.995012 285.076
96 4.775 0.995949 294.154
97 4.825 1.00261 303.489
98 4.875 0.997064 312.968
99 4.925 0.997209 322.639
100 4.975 1.00583 332.594
5000 100
1 0.025 0 0
2 0.075 0 0
3 0.125 0 0
4 0.175 0 0
5 0.225 0 0
6 0.275 0 0
7 0.325 0 0
8 0.375 0 0
9 0.425 0 0
10 0.475 0 0
11 0.525 0 0
12 0.575 0 0
13 0.625 0 0
14 0.675 0 0
15 0.725 0 0
16 0.775 0 0
17 0.825 0 0
18 0.875 0.0013719 0.000462963
19 0.925 0.0690428 0.0268519
20 0.975 0.721183 0.334491
21 1.025 1.87377 1.21991
22 1.075 2.40437 2.46991
23 1.125 2.25458 3.75301
24 1.175 1.90163 4.93356
25 1.225 1.53924 5.97222
26 1.275 1.30162 6.92315
27 1.325 1.09646 7.78889
28 1.375 0.935289 8.5831
29 1.425 0.855919 9.36366
30 1.475 0.78511 10.1306
31 1.525 0.760992 10.9252
32 1.575 0.721553 11.7292
33 1.625 0.720402 12.5838
34 1.675 0.740567 13.5176
35 1.725 0.786877 14.5694
36 1.775 0.827985 15.7414
37 1.825 0.905173 17.0963
38 1.875 0.955049 18.6062
39 1.925 1.02324 20.3118
40 1.975 1.09179 22.2266
41 2.025 1.14761 24.3424
42 2.075 1.14675 26.5623
43 2.125 1.18454 28.9664
44 2.175 1.14339 31.3984
45 2.225 1.11288 33.875
46 2.275 1.08525 36.3993
47 2.325 1.05182 38.9539
48 2.375 0.98575 41.4519
49 2.425 0.971455 44.019
50 2.475 0.932716 46.5852
51 2.525 0.922181 49.2275
52 2.575 0.927629 51.9914
53 2.625 0.905867 54.7949
54 2.675 0.945444 57.8347
55 2.725 0.943293 60.9836
56 2.775 0.967488 64.3322
57 2.825 0.989447 67.8829
58 2.875 1.00304 71.6109
59 2.925 1.02486 75.5521
60 2.975 1.0404 79.6914
61 3.025 1.03884 83.9648
62 3.075 1.04701 88.4148
63 3.125 1.04843 93.0169
64 3.175 1.02817 97.6743
65 3.225 1.03206 102.497
66 3.275 1.00966 107.363
67 3.325 1.00355 112.349
68 3.375 0.989929 117.416
69 3.425 0.990719 122.638
70 3.475 0.977908 127.946
71 3.525 0.985407 133.447
72 3.575 0.984351 139.1
73 3.625 0.973913 144.852
74 3.675 0.978929 150.793
75 3.725 0.981568 156.914
76 3.775 0.98919 163.251
77 3.825 1.01461 169.926
78 3.875 1.01085 176.749
79 3.925 1.01706 183.791
80 3.975 1.01088 190.97
81 4.025 1.00833 198.313
82 4.075 1.01487 205.886
83 4.125 1.00926 213.603
84 4.175 1.00385 221.467
85 4.225 1.00942 229.566
86 4.275 0.999507 237.774
87 4.325 1.00065 246.186
88 4.375 1.00642 254.842
89 4.425 0.993289 263.581
90 4.475 0.992682 272.516
91 4.525 0.993427 281.657
92 4.575 0.997076 291.035
93 4.625 0.986876 300.522
94 4.675 0.998156 310.328
95 4.725 0.997963 320.343
96 4.775 1.00243 330.616
97 4.825 1.00556 341.138
98 4.875 1.00201 351.84
99 4.925 0.998793 362.73
100 4.975 1.011 373.977
6000 100
1 0.025 0 0
2 0.075 0 0
3 0.125 0 0
4 0.175 0 0
5 0.225 0 0
6 0.275 0 0
7 0.325 0 0
8 0.375 0 0
9 0.425 0 0
10 0.475 0 0
11 0.525 0 0
12 0.575 0 0
13 0.625 0 0
14 0.675 0 0
15 0.725 0 0
16 0.775 0 0
17 0.825 0 0
18 0.875 0 0
19 0.925 0.0769874 0.030787
20 0.975 0.706336 0.345139
21 1.025 1.89053 1.27454
22 1.075 2.47208 2.61134
23 1.125 2.35114 4.00347
24 1.175 1.94923 5.2625
25 1.225 1.56442 6.36065
26 1.275 1.268 7.325
27 1.325 1.02382 8.1662
28 1.375 0.918514 8.9787
29 1.425 0.814904 9.75278
30 1.475 0.768165 10.5345
31 1.525 0.724624 11.3229
32 1.575 0.701873 12.1373
33 1.625 0.725509 13.0336
34 1.675 0.747702 14.015
35 1.725 0.763571 15.078
36 1.775 0.855257 16.3387
37 1.825 0.895123 17.7333
38 1.875 0.972954 19.3333
39 1.925 1.02227 21.1056
40 1.975 1.1024 23.1174
41 2.025 1.15671 25.3366
42 2.075 1.19941 27.7525
43 2.125 1.18659 30.2593
44 2.175 1.16741 32.8431
45 2.225 1.13042 35.4611
46 2.275 1.06489 38.0396
47 2.325 1.00802 40.5884
48 2.375 0.969097 43.1456
49 2.425 0.948453 45.7546
50 2.475 0.934881 48.4333
51 2.525 0.922767 51.1856
52 2.575 0.916382 54.0278
53 2.625 0.922591 57.0016
54 2.675 0.93746 60.1405
55 2.725 0.938461 63.4009
56 2.775 0.971755 66.9016
57 2.825 0.989185 70.5947
58 2.875 1.00531 74.4822
59 2.925 1.03022 78.6053
60 2.975 1.05902 82.9903
61 3.025 1.05871 87.5225
62 3.075 1.04303 92.1361
63 3.125 1.03744 96.8752
64 3.175 1.03215 101.743
65 3.225 1.02948 106.751
66 3.275 1.0153 111.845
67 3.325 1.00635 117.05
68 3.375 0.989207 122.321
69 3.425 0.979905 127.699
70 3.475 0.978271 133.225
71 3.525 0.972149 138.875
72 3.575 0.972308 144.689
73 3.625 0.981968 150.725
74 3.675 0.981628 156.927
75 3.725 0.992329 163.369
76 3.775 1.00098 170.042
77 3.825 0.994299 176.848
78 3.875 1.00774 183.926
79 3.925 1.00428 191.165
80 3.975 1.02143 198.714
81 4.025 1.01667 206.419
82 4.075 1.02612 214.39
83 4.125 1.01617 222.478
84 4.175 1.01534 230.758
85 4.225 1.00082 239.115
86 4.275 0.993171 247.605
87 4.325 0.999188 256.348
88 4.375 0.993198 265.241
89 4.425 0.990427 274.313
90 4.475 0.996277 283.647
91 4.525 0.99532 293.181
92 4.575 0.99765 302.95
93 4.625 0.99874 312.944
94 4.675 1.00152 323.184
95 4.725 0.990388 333.528
96 4.775 1.00276 344.223
97 4.825 1.0029 355.146
98 4.875 1.00272 366.294
99 4.925 1.00963 377.749
100 4.975 1.0037 389.369
7000 100
1 0.025 0 0
2 0.075 0 0
3 0.125 0 0
4 0.175 0 0
5 0.225 0 0
6 0.275 0 0
7 0.325 0 0
8 0.375 0 0
9 0.425 0 0
10 0.475 0 0
11 0.525 0 0
12 0.575 0 0
13 0.625 0 0
14 0.675 0 0
15 0.725 0 0
16 0.775 0 0
17 0.825 0 0
18 0.875 0.000637701 0.000231481
19 0.925 0.0682576 0.0277778
20 0.975 0.722326 0.351389
21 1.025 1.90505 1.29468
22 1.075 2.5018 2.65741
23 1.125 2.34083 4.0537
24 1.175 1.9669 5.33356
25 1.225 1.5322 6.41713
26 1.275 1.26255 7.38449
27 1.325 1.05466 8.25718
28 1.375 0.934311 9.08958
29 1.425 0.805243 9.86019
30 1.475 0.742158 10.6211
31 1.525 0.709253 11.3984
32 1.575 0.698071 12.2144
33 1.625 0.699966 13.0854
34 1.675 0.726286 14.0458
35 1.725 0.774618 15.1322
36 1.775 0.834852 16.3718
37 1.825 0.929353 17.8303
38 1.875 0.989554 19.4697
39 1.925 1.04705 21.2981
40 1.975 1.11216 23.3426
41 2.025 1.15051 25.5657
42 2.075 1.18438 27.9687
43 2.125 1.20735 30.538
44 2.175 1.16422 33.1336
45 2.225 1.11121 35.7262
46 2.275 1.081 38.3627
47 2.325 1.01924 40.959
48 2.375 0.983339 43.5729
49 2.425 0.930092 46.1505
50 2.475 0.924254 48.8183
51 2.525 0.901633 51.5271
52 2.575 0.915401 54.3875
53 2.625 0.911178 57.3465
54 2.675 0.932144 60.4896
55 2.725 0.953051 63.8243
56 2.775 0.967504 67.3354
57 2.825 0.992081 71.0667
58 2.875 1.01766 75.0303
59 2.925 1.03064 79.1854
60 2.975 1.06483 83.6264
61 3.025 1.0564 88.1817
62 3.075 1.04795 92.8509
63 3.125 1.05693 97.715
64 3.175 1.03519 102.633
65 3.225 1.02594 107.661
66 3.275 1.00838 112.758
67 3.325 0.993348 117.933
68 3.375 0.979709 123.192
69 3.425 0.974611 128.579
70 3.475 0.98717 134.197
71 3.525 0.971608 139.886
72 3.575 0.969219 145.724
73 3.625 0.971837 151.741
74 3.675 0.97909 157.972
75 3.725 0.982566 164.397
76 3.775 1.00055 171.116
77 3.825 1.0081 178.066
78 3.875 1.01075 185.218
79 3.925 1.01946 192.619
80 3.975 1.02308 200.237
81 4.025 1.02376 208.052
82 4.075 1.01837 216.021
83 4.125 1.02265 224.221
84 4.175 1.00374 232.465
85 4.225 0.998008 240.86
86 4.275 1.00239 249.493
87 4.325 0.997666 258.288
88 4.375 0.993276 267.247
89 4.425 0.985487 276.34
90 4.475 0.990862 285.691
91 4.525 0.992131 295.264
92 4.575 0.991532 305.044
93 4.625 0.992792 315.051
94 4.675 0.998922 325.339
95 4.725 1.00286 335.89
96 4.775 0.997982 346.612
97 4.825 1.00576 357.645
98 4.875 1.00999 368.956
99 4.925 1.0089 380.488
100 4.975 1.00816 392.246
8000 100
1 0.025 0 0
2 0.075 0 0
3 0.125 0 0
4 0.175 0 0
5 0.225 0 0
6 0.275 0 0
7 0.325 0 0
8 0.375 0 0
9 0.425 0 0
10 0.475 0 0
11 0.525 0 0
12 0.575 0 0
13 0.625 0 0
14 0.675 0 0
15 0.725 0 0
16 0.775 0 0
17 0.825 0 0
18 0.875 0.000639931 0.000231481
19 0.925 0.0714032 0.0289352
20 0.975 0.727903 0.354167
21 1.025 1.94773 1.3162
22 1.075 2.49389 2.67083
23 1.125 2.2884 4.03218
24 1.175 1.99736 5.32847
25 1.225 1.54721 6.41968
26 1.275 1.26553 7.38657
27 1.325 1.04596 8.24931
28 1.375 0.922432 9.06898
29 1.425 0.829427 9.86065
30 1.475 0.73215 10.6093
31 1.525 0.700028 11.3743
32 1.575 0.692371 12.1815
33 1.625 0.702207 13.0528
34 1.675 0.703773 13.9806
35 1.725 0.780016 15.0713
36 1.775 0.829608 16.2998
37 1.825 0.910509 17.725
38 1.875 0.993946 19.3671
39 1.925 1.05219 21.1995
40 1.975 1.14499 23.2986
41 2.025 1.17856 25.5697
42 2.075 1.19271 27.9833
43 2.125 1.18188 30.4917
44 2.175 1.16502 33.0819
45 2.225 1.11959 35.687
46 2.275 1.05373 38.2502
47 2.325 1.02634 40.8574
48 2.375 0.982597 43.462
49 2.425 0.941748 46.0644
50 2.475 0.903699 48.6655
51 2.525 0.897965 51.3562
52 2.575 0.904101 54.1731
53 2.625 0.916976 57.1426
54 2.675 0.930468 60.2715
55 2.725 0.955223 63.6044
56 2.775 0.973658 67.1285
57 2.825 0.997872 70.8711
58 2.875 1.02084 74.8366
59 2.925 1.04458 79.0363
60 2.975 1.0538 83.4192
61 3.025 1.05754 87.9678
62 3.075 1.07168 92.7301
63 3.125 1.04353 97.519
64 3.175 1.0338 102.416
65 3.225 1.02666 107.434
66 3.275 0.997121 112.46
67 3.325 0.989989 117.604
68 3.375 0.974455 122.82
69 3.425 0.977838 128.21
70 3.475 0.96538 133.689
71 3.525 0.969665 139.351
72 3.575 0.977899 145.224
73 3.625 0.980255 151.277
74 3.675 0.977429 157.481
75 3.725 0.992869 163.956
76 3.775 1.00577 170.692
77 3.825 1.00353 177.591
78 3.875 1.02187 184.802
79 3.925 1.02251 192.205
80 3.975 1.02346 199.804
81 4.025 1.01932 207.565
82 4.075 1.01551 215.49
83 4.125 1.01096 223.575
84 4.175 0.997532 231.746
85 4.225 1.00034 240.137
86 4.275 1.00003 248.725
87 4.325 0.99627 257.483
88 4.375 0.991593 266.403
89 4.425 0.989004 275.503
90 4.475 0.987086 284.792
91 4.525 0.987554 294.295
92 4.575 1.00596 304.19
93 4.625 0.997036 314.212
94 4.675 0.999278 324.475
95 4.725 0.997479 334.941
96 4.775 0.997339 345.627
97 4.825 1.00668 356.641
98 4.875 1.00685 367.886
99 4.925 1.01323 379.435
100 4.975 1.00744 391.153
9000 100
1 0.025 0 0
2 0.075 0 0
3 0.125 0 0
4 0.175 0 0
5 0.225 0 0
6 0.275 0 0
7 0.325 0 0
8 0.375 0 0
9 0.425 0 0
10 0.475 0 0
11 0.525 0 0
12 0.575 0 0
13 0.625 0 0
14 0.675 0 0
15 0.725 0 0
16 0.775 0 0
17 0.825 0 0
18 0.875 0 0
19 0.925 0.0706995 0.0284722
20 0.975 0.677582 0.331713
21 1.025 1.92079 1.28194
22 1.075 2.45727 2.61898
23 1.125 2.3447 4.0162
24 1.175 1.97953 5.30301
25 1.225 1.61927 6.44699
26 1.275 1.29048 7.43449
27 1.325 1.06401 8.31389
28 1.375 0.885608 9.10208
29 1.425 0.812228 9.87847
30 1.475 0.717764 10.6137
31 1.525 0.705263 11.3856
32 1.575 0.694482 12.1968
33 1.625 0.699345 13.0662
34 1.675 0.725668 14.0248
35 1.725 0.762211 15.0924
36 1.775 0.852224 16.3565
37 1.825 0.901818 17.7704
38 1.875 0.99197 19.412
39 1.925 1.06303 21.2664
40 1.975 1.10248 23.2907
41 2.025 1.15137 25.5134
42 2.075 1.18277 27.9109
43 2.125 1.18967 30.44
44 2.175 1.18138 33.0711
45 2.225 1.13094 35.7067
46 2.275 1.08475 38.3498
47 2.325 1.03165 40.975
48 2.375 0.97005 43.5507
49 2.425 0.943832 46.1634
50 2.475 0.910381 48.7884
51 2.525 0.90348 51.4998
52 2.575 0.910635 54.3419
53 2.625 0.916474 57.3148
54 2.675 0.922134 60.4211
55 2.725 0.947235 63.7324
56 2.775 0.972546 67.2579
57 2.825 0.990372 70.9787
58 2.875 1.01016 74.909
59 2.925 1.0342 79.0741
60 2.975 1.04494 83.4275
61 3.025 1.06092 87.9975
62 3.075 1.05139 92.6778
63 3.125 1.04891 97.5
64 3.175 1.03587 102.416
65 3.225 1.04286 107.521
66 3.275 1.00952 112.618
67 3.325 0.995305 117.798
68 3.375 1.00114 123.166
69 3.425 0.977575 128.565
70 3.475 0.967473 134.064
71 3.525 0.980933 139.802
72 3.575 0.969627 145.635
73 3.625 0.965133 151.605
74 3.675 0.970327 157.774
75 3.725 0.987542 164.225
76 3.775 0.994988 170.899
77 3.825 1.01517 177.891
78 3.875 1.01037 185.032
79 3.925 1.00999 192.357
80 3.975 1.01482 199.905
81 4.025 1.02886 207.752
82 4.075 1.01992 215.725
83 4.125 1.0122 223.832
84 4.175 1.00171 232.052
85 4.225 1.0148 240.579
86 4.275 0.995057 249.139
87 4.325 1.00324 257.973
88 4.375 0.994574 266.934
89 4.425 0.999954 276.15
90 4.475 0.990473 285.488
91 4.525 0.982859 294.962
92 4.575 0.995836 304.773
93 4.625 0.990061 314.742
94 4.675 1.00339 325.066
95 4.725 1.00116 335.587
96 4.775 0.992085 346.237
97 4.825 1.01298 357.337
98 4.875 0.999285 368.516
99 4.925 1.00187 379.956
100 4.975 1.00305 391.642
10000 100
1 0.025 0 0
2 0.075 0 0
3 0.125 0 0
4 0.175 0 0
5 0.225 0 0
6 0.275 0 0
7 0.325 0 0
8 0.375 0 0
9 0.425 0 0
10 0.475 0 0
11 0.525 0 0
12 0.575 0 0
13 0.625 0 0
14 0.675 0 0
15 0.725 0 0
16 0.775 0 0
17 0.825 0 0
18 0.875 0 0
19 0.925 0.0814297 0.0326389
20 0.975 0.698446 0.343519
21 1.025 1.83472 1.24583
22 1.075 2.47363 2.5838
23 1.125 2.31636 3.95602
24 1.175 1.98636 5.23981
25 1.225 1.58068 6.35
26 1.275 1.28911 7.33102
27 1.325 1.06946 8.20972
28 1.375 0.950308 9.05093
29 1.425 0.828911 9.83866
30 1.475 0.739614 10.5919
31 1.525 0.706282 11.3606
32 1.575 0.704114 12.178
33 1.625 0.689512 13.0301
34 1.675 0.719549 13.975
35 1.725 0.779945 15.0611
36 1.775 0.81507 16.2627
37 1.825 0.906228 17.6755
38 1.875 0.967051 19.2669
39 1.925 1.04209 21.0743
40 1.975 1.11304 23.1062
41 2.025 1.15799 25.3285
42 2.075 1.2019 27.7509
43 2.125 1.2091 30.3065
44 2.175 1.1684 32.8935
45 2.225 1.1203 35.4891
46 2.275 1.09038 38.1303
47 2.325 1.03044 40.737
48 2.375 0.984996 43.3377
49 2.425 0.938497 45.9211
50 2.475 0.909822 48.5294
51 2.525 0.907088 51.2359
52 2.575 0.904593 54.0428
53 2.625 0.900318 56.9463
54 2.675 0.926836 60.0498
55 2.725 0.961229 63.3903
56 2.775 0.962972 66.8611
57 2.825 1.00167 70.6025
58 2.875 1.00911 74.5063
59 2.925 1.03455 78.6491
60 2.975 1.04611 82.9822
61 3.025 1.04211 87.4449
62 3.075 1.06629 92.1641
63 3.125 1.0689 97.0493
64 3.175 1.0359 101.937
65 3.225 1.0218 106.911
66 3.275 1.00372 111.949
67 3.325 1.00427 117.146
68 3.375 0.988374 122.415
69 3.425 0.980499 127.798
70 3.475 0.979083 133.331
71 3.525 0.977031 139.013
72 3.575 0.964565 144.782
73 3.625 0.970047 150.748
74 3.675 0.974371 156.906
75 3.725 0.996641 163.378
76 3.775 0.990925 169.987
77 3.825 1.00521 176.869
78 3.875 1.00923 183.962
79 3.925 1.00957 191.241
80 3.975 1.0199 198.784
81 4.025 1.02437 206.551
82 4.075 1.01832 214.465
83 4.125 1.0128 222.531
84 4.175 1.01743 230.831
85 4.225 1.00135 239.197
86 4.275 1.00982 247.835
87 4.325 0.999156 256.582
88 4.375 0.99158 265.464
89 4.425 0.989643 274.533
90 4.475 0.997913 283.886
91 4.525 0.990497 293.377
92 4.575 0.986526 303.041
93 4.625 0.987427 312.925
94 4.675 0.996277 323.115
95 4.725 1.00019 333.566
96 4.775 0.996372 344.198
97 4.825 1.0005 355.099
98 4.875 1.01341 366.371
99 4.925 1.01074 377.846
100 4.975 1.00428 389.479
11000 100
1 0.025 0 0
2 0.075 0 0
3 0.125 0 0
4 0.175 0 0
5 0.225 0 0
6 0.275 0 0
7 0.325 0 0
8 0.375 0 0
9 0.425 0 0
10 0.475 0 0
11 0.525 0 0
12 0.575 0 0
13 0.625 0 0
14 0.675 0 0
15 0.725 0 0
16 0.775 0 0
17 0.825 0 0
18 0.875 0.00189936 0.000694444
19 0.925 0.0555596 0.0231481
20 0.975 0.71449 0.34375
21 1.025 1.90806 1.29051
22 1.075 2.46265 2.63449
23 1.125 2.36553 4.04792
24 1.175 1.97775 5.33727
25 1.225 1.58029 6.45694
26 1.275 1.27712 7.43704
27 1.325 1.07228 8.32569
28 1.375 0.89954 9.12847
29 1.425 0.800206 9.89537
30 1.475 0.758998 10.6748
31 1.525 0.701274 11.4447
32 1.575 0.696257 12.26
33 1.625 0.684171 13.113
34 1.675 0.734011 14.0854
35 1.725 0.770476 15.1678
36 1.775 0.831669 16.4046
37 1.825 0.906098 17.8294
38 1.875 0.970586 19.4403
39 1.925 1.05669 21.2889
40 1.975 1.11196 23.3366
41 2.025 1.17818 25.6174
42 2.075 1.21007 28.0773
43 2.125 1.18042 30.5938
44 2.175 1.18202 33.2336
45 2.225 1.11483 35.8391
46 2.275 1.07098 38.4556
47 2.325 1.04262 41.116
48 2.375 0.965502 43.6868
49 2.425 0.935196 46.2833
50 2.475 0.901173 48.8894
51 2.525 0.922458 51.6653
52 2.575 0.909804 54.513
53 2.625 0.916849 57.4956
54 2.675 0.931814 60.6433
55 2.725 0.947971 63.9664
56 2.775 0.9697 67.4917
57 2.825 1.00822 71.2903
58 2.875 1.00802 75.2236
59 2.925 1.03969 79.4229
60 2.975 1.03705 83.756
61 3.025 1.04853 88.285
62 3.075 1.05933 93.0139
63 3.125 1.0502 97.8556
64 3.175 1.03401 102.777
65 3.225 1.02981 107.833
66 3.275 1.01687 112.981
67 3.325 0.994264 118.17
68 3.375 0.991093 123.499
69 3.425 0.974718 128.897
70 3.475 0.974353 134.451
71 3.525 0.96333 140.101
72 3.575 0.976098 145.991
73 3.625 0.981314 152.079
74 3.675 0.978313 158.316
75 3.725 0.987971 164.787
76 3.775 1.00197 171.528
77 3.825 1.016 178.545
78 3.875 1.01457 185.736
79 3.925 1.0135 193.107
80 3.975 1.01145 200.651
81 4.025 1.02198 208.468
82 4.075 1.01536 216.428
83 4.125 1.01228 224.559
84 4.175 1.00479 232.826
85 4.225 1.00085 241.26
86 4.275 1.00162 249.901
87 4.325 1.00602 258.784
88 4.375 0.990044 267.73
89 4.425 0.99249 276.904
90 4.475 0.9919 286.281
91 4.525 0.984807 295.8
92 4.575 1.00252 305.706
93 4.625 0.994759 315.75
94 4.675 0.987262 325.937
95 4.725 1.00386 336.516
96 4.775 1.00164 347.298
97 4.825 1.00497 358.342
98 4.875 1.0123 369.699
99 4.925 1.00781 381.238
100 4.975 1.00527 392.984
12000 100
1 0.025 0 0
2 0.075 0 0
3 0.125 0 0
4 0.175 0 0
5 0.225 0 0
6 0.275 0 0
7 0.325 0 0
8 0.375 0 0
9 0.425 0 0
10 0.475 0 0
11 0.525 0 0
12 0.575 0 0
13 0.625 0 0
14 0.675 0 0
15 0.725 0 0
16 0.775 0 0
17 0.825 0 0
18 0.875 0 0
19 0.925 0.0679289 0.0275463
20 0.975 0.720837 0.352315
21 1.025 1.93094 1.31343
22 1.075 2.44756 2.65324
23 1.125 2.35243 4.06389
24 1.175 1.95246 5.34074
25 1.225 1.58308 6.46551
26 1.275 1.24348 7.42292
27 1.325 1.06906 8.31181
28 1.375 0.91769 9.13356
29 1.425 0.813983 9.9162
30 1.475 0.751806 10.691
31 1.525 0.71068 11.4736
32 1.575 0.706275 12.3032
33 1.625 0.69076 13.1671
34 1.675 0.729959 14.1368
35 1.725 0.772418 15.2255
36 1.775 0.817582 16.4454
37 1.825 0.91975 17.8965
38 1.875 0.970795 19.5132
39 1.925 1.04742 21.3519
40 1.975 1.10889 23.4005
41 2.025 1.15675 25.6468
42 2.075 1.19659 28.0873
43 2.125 1.21016 30.6752
44 2.175 1.17004 33.2968
45 2.225 1.09968 35.8755
46 2.275 1.08417 38.5331
47 2.325 1.01018 41.1188
48 2.375 0.982559 43.7433
49 2.425 0.963818 46.4275
50 2.475 0.9087 49.0637
51 2.525 0.911613 51.8162
52 2.575 0.916006 54.6928
53 2.625 0.910229 57.6632
54 2.675 0.92336 60.7924
55 2.725 0.945425 64.1171
56 2.775 0.968442 67.65
57 2.825 1.00725 71.4567
58 2.875 1.00924 75.4072
59 2.925 1.03416 79.5975
60 2.975 1.04575 83.981
61 3.025 1.06207 88.5838
62 3.075 1.0494 93.2831
63 3.125 1.03911 98.0894
64 3.175 1.04871 103.096
65 3.225 1.01999 108.12
66 3.275 1.00633 113.232
67 3.325 1.00566 118.498
68 3.375 0.982766 123.799
69 3.425 0.980813 129.248
70 3.475 0.974961 134.823
71 3.525 0.968581 140.523
72 3.575 0.983847 146.478
73 3.625 0.977241 152.56
74 3.675 0.975864 158.802
75 3.725 0.981277 165.25
76 3.775 1.0018 172.011
77 3.825 1.01141 179.019
78 3.875 1.01458 186.235
79 3.925 1.02242 193.695
80 3.975 1.01888 201.319
81 4.025 1.01075 209.074
82 4.075 1.00841 217.004
83 4.125 1.01362 225.173
84 4.175 1.01064 233.516
85 4.225 1.00614 242.022
86 4.275 1.0009 250.684
87 4.325 0.995375 259.501
88 4.375 0.991157 268.486
89 4.425 0.995353 277.716
90 4.475 0.993181 287.136
91 4.525 0.988832 296.725
92 4.575 0.986813 306.507
93 4.625 0.996626 316.604
94 4.675 0.999802 326.952
95 4.725 1.00365 337.563
96 4.775 1.00219 348.385
97 4.825 1.0027 359.442
98 4.875 1.00784 370.786
99 4.925 1.01104 382.399
100 4.975 1.00251 394.15
13000 100
1 0.025 0 0
2 0.075 0 0
3 0.125 0 0
4 0.175 0 0
5 0.225 0 0
6 0.275 0 0
7 0.325 0 0
8 0.375 0 0
9 0.425 0 0
10 0.475 0 0
11 0.525 0 0
12 0.575 0 0
13 0.625 0 0
14 0.675 0 0
15 0.725 0 0
16 0.775 0 0
17 0.825 0 0
18 0.875 0 0
19 0.925 0.0575415 0.0231481
20 0.975 0.745748 0.356713
21 1.025 1.85285 1.27269
22 1.075 2.48608 2.62431
23 1.125 2.35875 4.02847
24 1.175 1.96779 5.30625
25 1.225 1.57207 6.41597
26 1.275 1.24607 7.36898
27 1.325 1.06172 8.24583
28 1.375 0.931316 9.07407
29 1.425 0.816646 9.85394
30 1.475 0.759782 10.6315
31 1.525 0.68708 11.3831
32 1.575 0.697437 12.197
33 1.625 0.715946 13.0861
34 1.675 0.738589 14.0609
35 1.725 0.748168 15.1081
36 1.775 0.832768 16.3424
37 1.825 0.900985 17.7539
38 1.875 0.970609 19.3588
39 1.925 1.03687 21.166
40 1.975 1.12578 23.2315
41 2.025 1.16378 25.4764
42 2.075 1.1958 27.8981
43 2.125 1.20355 30.4542
44 2.175 1.17407 33.0667
45 2.225 1.11338 35.659
46 2.275 1.08026 38.2889
47 2.325 1.02206 40.8875
48 2.375 0.978982 43.4852
49 2.425 0.95276 46.1206
50 2.475 0.92264 48.7789
51 2.525 0.915508 51.5245
52 2.575 0.893859 54.3123
53 2.625 0.891505 57.2012
54 2.675 0.930379 60.3324
55 2.725 0.924879 63.5625
56 2.775 0.98706 67.1375
57 2.825 1.00051 70.8935
58 2.875 1.01889 74.8549
59 2.925 1.02797 78.9912
60 2.975 1.06096 83.4079
61 3.025 1.05756 87.9595
62 3.075 1.05277 92.6417
63 3.125 1.04202 97.428
64 3.175 1.03864 102.353
65 3.225 1.03336 107.408
66 3.275 1.01025 112.504
67 3.325 1.00716 117.741
68 3.375 0.990312 123.047
69 3.425 0.97092 128.404
70 3.475 0.976834 133.952
71 3.525 0.96815 139.61
72 3.575 0.958276 145.371
73 3.625 0.976656 151.407
74 3.675 0.982591 157.649
75 3.725 0.985384 164.08
76 3.775 1.00203 170.797
77 3.825 1.00244 177.695
78 3.875 1.01206 184.843
79 3.925 1.02302 192.255
80 3.975 1.01624 199.808
81 4.025 1.02204 207.595
82 4.075 1.01903 215.554
83 4.125 1.02312 223.742
84 4.175 1.01517 232.065
85 4.225 0.988535 240.364
86 4.275 1.00266 248.984
87 4.325 1.00297 257.808
88 4.375 0.997899 266.791
89 4.425 0.994361 275.949
90 4.475 0.982122 285.199
91 4.525 0.984959 294.685
92 4.575 0.987445 304.406
93 4.625 0.997676 314.444
94 4.675 0.995552 324.678
95 4.725 1.00895 335.273
96 4.775 0.997489 345.97
97 4.825 1.00677 356.994
98 4.875 1.0129 368.317
99 4.925 1.00305 379.759
100 4.975 1.00219 391.426
14000 100
1 0.025 0 0
2 0.075 0 0
3 0.125 0 0
4 0.175 0 0
5 0.225 0 0
6 0.275 0 0
7 0.325 0 0
8 0.375 0 0
9 0.425 0 0
10 0.475 0 0
11 0.525 0 0
12 0.575 0 0
13 0.625 0 0
14 0.675 0 0
15 0.725 0 0
16 0.775 0 0
17 0.825 0 0
18 0.875 0 0
19 0.925 0.0554836 0.0222222
20 0.975 0.690706 0.328704
21 1.025 1.87183 1.24676
22 1.075 2.49023 2.58958
23 1.125 2.36824 3.98843
24 1.175 1.96691 5.25579
25 1.225 1.59144 6.37037
26 1.275 1.27097 7.33449
27 1.325 1.04849 8.19306
28 1.375 0.888427 8.97639
29 1.425 0.794218 9.7287
30 1.475 0.777902 10.5185
31 1.525 0.711117 11.29
32 1.575 0.712453 12.1146
33 1.625 0.703128 12.981
34 1.675 0.739224 13.9488
35 1.725 0.761726 15.0065
36 1.775 0.830232 16.2266
37 1.825 0.899252 17.6238
38 1.875 0.986143 19.2417
39 1.925 1.06901 21.0903
40 1.975 1.11967 23.1285
41 2.025 1.14529 25.3206
42 2.075 1.19217 27.7155
43 2.125 1.19134 30.2252
44 2.175 1.15607 32.7773
45 2.225 1.13043 35.3889
46 2.275 1.07509 37.985
47 2.325 1.01741 40.5509
48 2.375 0.989675 43.1556
49 2.425 0.943399 45.7435
50 2.475 0.919646 48.3718
51 2.525 0.910254 51.0792
52 2.575 0.903379 53.8745
53 2.625 0.917267 56.8234
54 2.675 0.925503 59.9134
55 2.725 0.948566 63.1993
56 2.775 0.964828 66.666
57 2.825 0.99428 70.3683
58 2.875 1.01331 74.2762
59 2.925 1.03675 78.415
60 2.975 1.05741 82.7824
61 3.025 1.05244 87.2755
62 3.075 1.05335 91.9234
63 3.125 1.03716 96.65
64 3.175 1.04755 101.578
65 3.225 1.02606 106.556
66 3.275 1.01972 111.66
67 3.325 0.988953 116.761
68 3.375 0.983633 121.988
69 3.425 0.981678 127.36
70 3.475 0.974809 132.852
71 3.525 0.967921 138.463
72 3.575 0.967079 144.23
73 3.625 0.983959 150.263
74 3.675 0.971623 156.385
75 3.725 0.994781 162.825
76 3.775 1.00444 169.504
77 3.825 1.00592 176.37
78 3.875 1.01244 183.465
79 3.925 1.01203 190.74
80 3.975 1.01806 198.245
81 4.025 1.01821 205.942
82 4.075 1.0184 213.833
83 4.125 1.01128 221.861
84 4.175 1.01458 230.112
85 4.225 1.00761 238.504
86 4.275 1.00249 247.052
87 4.325 0.996137 255.746
88 4.375 0.985761 264.55
89 4.425 0.989072 273.586
90 4.475 0.996378 282.896
91 4.525 0.993648 292.388
92 4.575 0.989704 302.053
93 4.625 0.996364 311.997
94 4.675 0.993655 322.129
95 4.725 1.00033 332.55
96 4.775 0.99986 343.187
97 4.825 1.01332 354.195
98 4.875 0.999759 365.28
99 4.925 0.997511 376.568
100 4.975 1.01128 388.247
15000 100
1 0.025 0 0
2 0.075 0 0
3 0.125 0 0
4 0.175 0 0
5 0.225 0 0
6 0.275 0 0
7 0.325 0 0
8 0.375 0 0
9 0.425 0 0
10 0.475 0 0
11 0.525 0 0
12 0.575 0 0
13 0.625 0 0
14 0.675 0 0
15 0.725 0 0
16 0.775 0 0
17 0.825 0 0
18 0.875 0 0
19 0.925 0.0660237 0.0266204
20 0.975 0.696708 0.338889
21 1.025 1.88414 1.27199
22 1.075 2.46033 2.61227
23 1.125 2.34848 4.01319
24 1.175 1.99658 5.31273
25 1.225 1.60805 6.45023
26 1.275 1.24014 7.40046
27 1.325 1.08513 8.29838
28 1.375 0.916319 9.11505
29 1.425 0.805872 9.88634
30 1.475 0.769921 10.6757
31 1.525 0.713131 11.4574
32 1.575 0.706458 12.2836
33 1.625 0.669028 13.1162
34 1.675 0.723943 14.0736
35 1.725 0.751485 15.1275
36 1.775 0.813578 16.3356
37 1.825 0.909747 17.7639
38 1.875 0.968643 19.3687
39 1.925 1.07007 21.2377
40 1.975 1.11257 23.2831
41 2.025 1.14981 25.5056
42 2.075 1.19788 27.9366
43 2.125 1.20753 30.5065
44 2.175 1.19902 33.1799
45 2.225 1.1142 35.7799
46 2.275 1.05914 38.3637
47 2.325 1.03793 41.0079
48 2.375 0.982509 43.6199
49 2.425 0.936514 46.2155
50 2.475 0.899389 48.8123
51 2.525 0.902367 51.5238
52 2.575 0.913757 54.3794
53 2.625 0.916878 57.3572
54 2.675 0.937857 60.5201
55 2.725 0.949087 63.8419
56 2.775 0.963277 67.338
57 2.825 0.992486 71.0708
58 2.875 1.00554 74.9882
59 2.925 1.03893 79.1773
60 2.975 1.04672 83.5435
61 3.025 1.0606 88.1178
62 3.075 1.05077 92.8007
63 3.125 1.03962 97.5859
64 3.175 1.04011 102.528
65 3.225 1.03774 107.614
66 3.275 1.0079 112.709
67 3.325 1.00815 117.963
68 3.375 0.99067 123.281
69 3.425 0.970885 128.649
70 3.475 0.975472 134.201
71 3.525 0.969544 139.879
72 3.575 0.969321 145.718
73 3.625 0.96665 151.704
74 3.675 0.980529 157.946
75 3.725 0.996954 164.465
76 3.775 1.00425 171.211
77 3.825 1.00504 178.141
78 3.875 1.00943 185.285
79 3.925 1.01375 192.645
80 3.975 1.01541 200.207
81 4.025 1.01963 207.992
82 4.075 1.0177 215.957
83 4.125 1.01368 224.087
84 4.175 1.00349 232.33
85 4.225 1.00862 240.816
86 4.275 0.99841 249.415
87 4.325 1.00787 258.3
88 4.375 0.99315 267.26
89 4.425 0.997037 276.461
90 4.475 0.989052 285.796
91 4.525 0.989468 295.345
92 4.575 0.993034 305.141
93 4.625 0.988992 315.112
94 4.675 0.99463 325.358
95 4.725 1.0024 335.905
96 4.775 1.00437 346.698
97 4.825 0.999301 357.663
98 4.875 1.01301 369.009
99 4.925 1.00042 380.446
100 4.975 1.00471 392.166
